# x	abs(psi)**2
-5.0	0.015388534096620764
-4.970674486803519	0.019975498321646173
-4.941348973607038	0.042795657266965874
-4.912023460410557	0.0493600704773108
-4.882697947214076	0.017496924924381794
-4.853372434017595	0.016062761049623443
-4.8240469208211145	0.02343004048019988
-4.794721407624634	0.034772260212593005
-4.765395894428153	0.03958107196070302
-4.736070381231672	0.02326261029260728
-4.706744868035191	0.009139158955917985
-4.67741935483871	0.016457215086283256
-4.648093841642229	0.002660002011364384
-4.618768328445748	0.022195784490428593
-4.589442815249267	0.04480304591734584
-4.560117302052786	0.03659928908441531
-4.530791788856305	0.008881790557108919
-4.5014662756598245	0.03162529163848367
-4.472140762463344	0.021914416496651202
-4.442815249266862	0.03614931170719105
-4.413489736070381	0.004436337598232833
-4.3841642228739	0.0099933653113745
-4.354838709677419	0.017889455035473577
-4.325513196480938	0.004237594446130853
-4.296187683284457	0.025339320823623245
-4.266862170087976	0.011582413867808432
-4.237536656891495	0.025782352902258276
-4.2082111436950145	0.003804183711225362
-4.178885630498534	0.042733040023806027
-4.149560117302053	0.001685001231281866
-4.120234604105572	0.07125530193814729
-4.090909090909091	0.06052897893241275
-4.06158357771261	0.068668021457877
-4.032258064516129	0.013475563094259674
-4.002932551319648	0.011063548002210937
-3.973607038123167	0.006987536320480044
-3.9442815249266863	0.005304554266058096
-3.9149560117302054	0.0588970111179094
-3.8856304985337244	0.04029419049034218
-3.8563049853372435	0.021538211888046686
-3.8269794721407626	0.01166124728724764
-3.7976539589442817	0.011714092364591646
-3.768328445747801	0.013060340722228073
-3.73900293255132	0.04324602811479503
-3.7096774193548385	0.012154081566967895
-3.6803519061583576	0.007012361881920441
-3.6510263929618767	0.027532924004562264
-3.621700879765396	0.03797112190458088
-3.592375366568915	0.012927924652779105
-3.563049853372434	0.03021052959069376
-3.533724340175953	0.008192939167931668
-3.504398826979472	0.037014979102312225
-3.4750733137829912	0.024345652831554442
-3.44574780058651	0.017755068236831317
-3.416422287390029	0.03891017144101421
-3.387096774193548	0.01756800112260937
-3.357771260997067	0.00978745111230727
-3.328445747800586	0.00965896565773908
-3.2991202346041053	0.028250685613314543
-3.2697947214076244	0.0010947038443452075
-3.2404692082111435	0.000396869124030915
-3.2111436950146626	0.021568344764240993
-3.1818181818181817	0.01589524350238498
-3.1524926686217007	0.08719745049780296
-3.12316715542522	0.001350187665607381
-3.093841642228739	0.011057169640766425
-3.064516129032258	0.22056290526969177
-3.035190615835777	0.00024083905499857206
-3.005865102639296	0.018980744951859686
-2.9765395894428153	0.021987309236706203
-2.9472140762463344	0.059257672526386695
-2.9178885630498534	0.03232578906802834
-2.8885630498533725	0.01236046357704013
-2.859237536656891	0.005882581106938295
-2.8299120234604103	0.004141202712542662
-2.8005865102639294	0.013073410673071302
-2.7712609970674484	0.006999789468400993
-2.7419354838709675	0.05415889874772904
-2.7126099706744866	0.01802267001123964
-2.6832844574780057	0.07415592825199674
-2.653958944281525	0.013158925898579282
-2.624633431085044	0.04765291443641584
-2.595307917888563	0.05858091505866552
-2.565982404692082	0.06851413676226857
-2.536656891495601	0.05390047103856279
-2.5073313782991202	0.0021760587581144664
-2.4780058651026393	0.06390457958026002
-2.4486803519061584	0.006296635933823853
-2.419354838709677	0.03707673991106934
-2.390029325513196	0.08894422391288977
-2.3607038123167152	0.040854271832160255
-2.3313782991202343	0.0039148375537745896
-2.3020527859237534	0.030854047566145744
-2.2727272727272725	0.011490394404396002
-2.2434017595307916	0.006589195050413176
-2.2140762463343107	0.11473197665337623
-2.1847507331378297	0.015162461221315397
-2.155425219941349	0.014374150423096135
-2.126099706744868	0.013925049892062974
-2.096774193548387	0.03806041150146311
-2.067448680351906	0.06640678169625713
-2.038123167155425	0.055561933483098
-2.0087976539589443	0.039987128498075945
-1.9794721407624634	0.01643129066824929
-1.9501466275659824	0.0022049968252494914
-1.920821114369501	0.05613631640067457
-1.8914956011730202	0.01025709841268219
-1.8621700879765393	0.03439119687862132
-1.8328445747800584	0.028060539882310904
-1.8035190615835774	0.011480512418448734
-1.7741935483870965	0.0007447036728820023
-1.7448680351906156	0.004824591575674198
-1.7155425219941347	0.007071584610230745
-1.6862170087976538	0.011134582054107651
-1.6568914956011729	0.06067139897421874
-1.627565982404692	0.019510053828637557
-1.598240469208211	0.06810155313252508
-1.5689149560117301	0.03534535674436086
-1.5395894428152492	0.045996308758066394
-1.5102639296187683	0.015018344162135669
-1.480938416422287	0.07339550334515106
-1.451612903225806	0.040729109518389324
-1.4222873900293251	0.010724883819015684
-1.3929618768328442	0.001331852880824485
-1.3636363636363633	0.005202418257988804
-1.3343108504398824	0.017097051775844623
-1.3049853372434015	0.013759662870280635
-1.2756598240469206	0.0005655337969639501
-1.2463343108504397	0.06672382899833851
-1.2170087976539588	0.08205272535059986
-1.1876832844574778	0.019637933218752405
-1.158357771260997	0.005707163416406003
-1.129032258064516	0.0023549758074872204
-1.099706744868035	0.023458869626798586
-1.0703812316715542	0.04087411273884934
-1.0410557184750733	0.04249871994589882
-1.0117302052785924	0.009432154928287615
-0.9824046920821115	0.012256986762832581
-0.9530791788856305	0.021396804580360723
-0.9237536656891496	0.0066884648274578625
-0.8944281524926687	0.013552460935454858
-0.8651026392961878	0.01100363490755628
-0.8357771260997069	0.01395467775231074
-0.806451612903226	0.04042550270300593
-0.7771260997067451	0.010916762705848255
-0.7478005865102633	0.016274785405641607
-0.7184750733137824	0.014432980003540997
-0.6891495601173014	0.07118304562841458
-0.6598240469208205	0.10156920903798886
-0.6304985337243396	0.026738792318035748
-0.6011730205278587	0.05385750933710292
-0.5718475073313778	0.002568418223032903
-0.5425219941348969	0.14166883613136375
-0.513196480938416	0.07858316483386937
-0.48387096774193505	0.009520131818617704
-0.45454545454545414	0.07228608922998496
-0.42521994134897323	0.10944287713418152
-0.3958944281524923	0.11422332823965882
-0.3665689149560114	0.08732875911287996
-0.3372434017595305	0.04786250001938532
-0.3079178885630496	0.023396594335675588
-0.27859237536656867	0.24718677446798207
-0.24926686217008776	0.1301987586426846
-0.21994134897360684	0.16398621106271186
-0.19061583577712593	0.14148529094828555
-0.16129032258064502	0.2622801984058142
-0.1319648093841641	0.23699954876646434
-0.1026392961876832	0.032912155860629275
-0.07331378299120228	0.15385627895753778
-0.04398826979472137	0.4205871327572074
-0.014662756598240456	0.23190859561784224
0.014662756598240456	0.30854503156162194
0.04398826979472137	0.216171222644337
0.07331378299120228	0.2099000471218476
0.1026392961876832	0.13815239893544187
0.1319648093841641	0.31370593801578217
0.1612903225806459	0.1614573798456062
0.19061583577712682	0.1569348496212919
0.21994134897360773	0.32725828142778063
0.24926686217008864	0.17617397047244468
0.27859237536656956	0.09333318414433865
0.30791788856305047	0.04518952846094185
0.3372434017595314	0.24106678526063352
0.3665689149560123	0.14652492827851277
0.3958944281524932	0.23236956958913343
0.4252199413489741	0.13025854877999596
0.45454545454545503	0.30443821426745354
0.48387096774193594	0.17985127583977464
0.5131964809384169	0.09359224384748818
0.5425219941348978	0.13849164011262768
0.5718475073313787	0.16547834276254747
0.6011730205278596	0.10140666375697695
0.6304985337243405	0.11255935513549493
0.6598240469208214	0.17658940004246465
0.6891495601173023	0.01928781710636903
0.7184750733137832	0.10832149948062929
0.7478005865102642	0.06849341283184188
0.7771260997067451	0.03359551399398143
0.806451612903226	0.22268886345718256
0.8357771260997069	0.07790737157171254
0.8651026392961878	0.05409569494197369
0.8944281524926687	0.06759360921521987
0.9237536656891496	0.06859033257007813
0.9530791788856305	0.023528335311618184
0.9824046920821115	0.1179819790344221
1.0117302052785924	0.03587542747896695
1.0410557184750733	0.054373877341963445
1.0703812316715542	0.01083940306360268
1.099706744868035	0.13688370768598593
1.129032258064517	0.00319928127748555
1.1583577712609978	0.07714023914659747
1.1876832844574787	0.017266836724236144
1.2170087976539596	0.00970704887336535
1.2463343108504406	0.011840747669918557
1.2756598240469215	0.008273486757512298
1.3049853372434024	0.04861507390298556
1.3343108504398833	0.0641162560062847
1.3636363636363642	0.0726186954179531
1.3929618768328451	0.026648637432320755
1.422287390029326	0.012325870776234739
1.451612903225807	0.07278763855776162
1.4809384164222879	0.015820536501047255
1.5102639296187688	0.05378808820661951
1.5395894428152497	0.012174944601878554
1.5689149560117306	0.0018574799214758787
1.5982404692082115	0.013540470051035938
1.6275659824046924	0.060482139738088164
1.6568914956011733	0.01862633302725396
1.6862170087976542	0.03260954558023689
1.7155425219941352	0.0419461993497393
1.744868035190616	0.009131107809103417
1.774193548387097	0.02065654266926164
1.8035190615835779	0.0211190028259473
1.8328445747800588	0.0017814143070966077
1.8621700879765397	0.05208658994244612
1.8914956011730206	0.005710649658291483
1.9208211143695015	0.098001796874321
1.9501466275659824	0.03423422608920657
1.9794721407624634	0.004018452039614655
2.0087976539589443	0.03120402301086134
2.038123167155426	0.0680959704883132
2.067448680351907	0.0018711216036659832
2.096774193548388	0.05389391092780578
2.126099706744869	0.035285335037613476
2.1554252199413497	0.013068351809454433
2.1847507331378306	0.028894680496562793
2.2140762463343115	0.015248863667399406
2.2434017595307925	0.009367681159125845
2.2727272727272734	0.0049875860407815305
2.3020527859237543	0.03439097006177091
2.331378299120235	0.007117659641614784
2.360703812316716	0.03179276841274321
2.390029325513197	0.02596957390155909
2.419354838709678	0.014390739370835792
2.448680351906159	0.007651501338816165
2.4780058651026398	0.011991326525943969
2.5073313782991207	0.025241840473963655
2.5366568914956016	0.009367304985629446
2.5659824046920825	0.0022677761046058656
2.5953079178885634	0.024556544441914345
2.6246334310850443	0.05465388549905835
2.6539589442815252	0.015688998853034923
2.683284457478006	0.0071100213341352
2.712609970674487	0.006609178735034685
2.741935483870968	0.0025664737790896397
2.771260997067449	0.0737688624423964
2.80058651026393	0.04155901202883556
2.8299120234604107	0.03245719686650689
2.8592375366568916	0.006746372764876668
2.8885630498533725	0.0008079528925501915
2.9178885630498534	0.0015924726361546855
2.9472140762463344	0.021430612439303713
2.9765395894428153	0.07560123198792838
3.005865102639296	0.014307479005585365
3.035190615835777	0.03933285174424317
3.064516129032258	0.03353158414555374
3.093841642228739	0.03882112427329048
3.12316715542522	0.041460416907283214
3.1524926686217007	0.024855824000440247
3.1818181818181817	0.0735380700419697
3.2111436950146626	0.05975892537495464
3.2404692082111435	0.05602944829885505
3.2697947214076244	0.010187553791829085
3.2991202346041053	0.00957102234147015
3.328445747800586	0.02695973532069482
3.357771260997067	0.002821480717195906
3.387096774193548	0.18151695328403167
3.416422287390029	0.0007951983538147244
3.44574780058651	0.02419059878330214
3.4750733137829926	0.030656415240891428
3.5043988269794735	0.015210387051050864
3.5337243401759544	0.04199067945773187
3.5630498533724353	0.0057203883070121924
3.592375366568916	0.1621326110122447
3.621700879765397	0.046152268755115106
3.651026392961878	0.03643440909046771
3.680351906158359	0.0903032916416237
3.70967741935484	0.0069601292437224595
3.7390029325513208	0.027483750307782506
3.7683284457478017	0.11100999331683604
3.7976539589442826	0.0036043741877520804
3.8269794721407635	0.025905081985693117
3.8563049853372444	0.00367102617470286
3.8856304985337253	0.0022490561737160976
3.9149560117302062	0.004347354192619947
3.944281524926687	0.017467582790755026
3.973607038123168	0.02045015246957276
4.002932551319649	0.06505448722996546
4.03225806451613	0.029692034823649165
4.061583577712611	0.00029270148099106705
4.090909090909092	0.04249163751301596
4.120234604105573	0.024008255314404595
4.1495601173020535	0.000334111465267408
4.1788856304985345	0.05715636482090934
4.208211143695015	0.006074244646731071
4.237536656891496	0.011877273788455087
4.266862170087977	0.0025042780448429236
4.296187683284458	0.04888181307271887
4.325513196480939	0.00246021602512773
4.35483870967742	0.01778159613400001
4.384164222873901	0.0050781117595475565
4.413489736070382	0.16040211266220286
4.442815249266863	0.019143359467111366
4.472140762463344	0.012996606103475205
4.5014662756598245	0.04211980282280148
4.530791788856305	0.024431878693238946
4.560117302052786	0.009885034911804248
4.589442815249267	0.0063863627221629055
4.618768328445748	0.014530657179039666
4.648093841642229	0.008330149374759987
4.67741935483871	0.010708738306727597
4.706744868035191	0.008282582847484145
4.736070381231672	0.0072375151990122615
4.765395894428153	0.03150821890093803
4.794721407624634	0.04937270178390317
4.8240469208211145	0.004528010385022727
4.853372434017595	0.004372949016397234
4.882697947214076	0.035921350780371356
4.912023460410557	0.0043092496569966734
4.941348973607038	0.00610260775052736
4.970674486803519	0.02708019842986191
5.0	0.017809391098997505
5.029325513196481	0.04025499610135291
5.058651026392962	0.040103459773757295
5.087976539589443	1.4952763264792376e-05
5.117302052785924	0.025714144358584975
5.146627565982405	0.017244785109909615
5.1759530791788855	0.01161781322339936
5.205278592375366	0.06883893476404256
5.234604105571847	0.012330773649696402
5.263929618768328	0.0007565178964581148
5.293255131964809	0.01208425049687052
5.322580645161292	0.007857874626399752
5.351906158357773	0.006424294706225775
5.381231671554254	0.005535162775640975
5.4105571847507345	0.06913923752036276
5.4398826979472155	0.019333168160578864
5.469208211143696	0.01038282536394847
5.498533724340177	0.0029618048458340206
5.527859237536658	0.006350458181825758
5.557184750733139	0.005428449071365511
5.58651026392962	0.002657476539577483
5.615835777126101	0.026481991127349534
5.645161290322582	0.014939732610350651
5.674486803519063	0.005849389777684392
5.703812316715544	0.0017173829461427745
5.733137829912025	0.019049708257323043
5.7624633431085055	0.002267218999280143
5.791788856304986	0.002089300204423593
5.821114369501467	0.04491091152463539
5.850439882697948	0.004164773515188425
5.879765395894429	0.01588408482167123
5.90909090909091	0.024231386649426048
5.938416422287391	0.01155360969092614
5.967741935483872	0.05872717233419748
5.997067448680353	0.015289883418058293
6.026392961876834	0.020541124736906564
6.055718475073315	0.01041962862939795
6.0850439882697955	0.004145936692358603
6.1143695014662764	0.02717439155353338
6.143695014662757	0.02480835966182693
6.173020527859238	0.022639113045772076
6.202346041055719	0.033753973900544
6.2316715542522	0.016386532865629425
6.260997067448681	0.05931158111672797
6.290322580645162	0.028449729119028523
6.319648093841643	0.06335629105056663
6.348973607038124	0.05817337532924253
6.378299120234605	0.015663719624114215
6.407624633431086	0.00612560852574834
6.4369501466275665	0.010218714352067981
6.466275659824047	0.0028187567040671687
6.495601173020528	0.01743909982841508
6.524926686217009	0.04215449139354061
6.55425219941349	0.02262403442216586
6.583577712609971	0.06680893832041451
6.612903225806452	0.0026266046802842628
6.642228739002933	0.0376923783902205
6.671554252199414	0.008604862035661014
6.700879765395895	0.017884101821088693
6.730205278592376	0.025887569495568103
6.7595307917888565	0.03516584641596656
6.788856304985337	0.01670686452454549
6.818181818181818	0.024148611701363978
6.847507331378299	0.018577680253434342
6.87683284457478	0.019196842546420585
6.906158357771261	0.0029157695078288683
6.935483870967742	0.00792444796757154
6.964809384164223	0.11812512147695513
6.994134897360704	0.016145428028566014
7.023460410557185	0.00039428579615579686
7.052785923753666	0.023797396845050535
7.0821114369501466	0.0024394434560974644
7.1114369501466275	0.025915665700722394
7.140762463343108	0.0015872342520353853
7.170087976539589	0.023358326114032327
7.19941348973607	0.05850829110652625
7.228739002932553	0.06415982540417017
7.258064516129034	0.01863015557097735
7.287390029325515	0.036039059694677356
7.316715542521996	0.021226403898005862
7.3460410557184765	0.013894991497738868
7.3753665689149575	0.026182647223088572
7.404692082111438	0.009726611111740691
7.434017595307919	0.06959388324234833
7.4633431085044	0.03136226185057871
7.492668621700881	0.005318561363445368
7.521994134897362	0.013411935877554515
7.551319648093843	0.02269715062463672
7.580645161290324	0.01235587187937415
7.609970674486805	0.033670431847683494
7.639296187683286	0.016346666179785658
7.668621700879767	0.034140501699183326
7.6979472140762475	0.007175131372403706
7.727272727272728	0.006324619014171733
7.756598240469209	0.00639436563493614
7.78592375366569	0.05013527379742484
7.815249266862171	0.012446596944015332
7.844574780058652	0.017198548231678167
7.873900293255133	0.01994417433114997
7.903225806451614	0.0068368449093332475
7.932551319648095	0.002668229573345244
7.961876832844576	0.015208573114605235
7.991202346041057	0.002602007979342999
8.020527859237538	0.1062580425359216
8.049853372434018	0.0012824048741812129
8.0791788856305	0.023935889880865337
8.10850439882698	0.00820114698712578
8.137829912023461	0.01394677507540655
8.167155425219942	0.01845707246841314
8.196480938416423	0.05573163218217503
8.225806451612904	0.0023153446096922598
8.255131964809385	0.015568835436999863
8.284457478005866	0.045164020070813944
8.313782991202347	0.07925818663882571
8.343108504398828	0.017303207412087112
8.372434017595308	0.0038452460923945925
8.40175953079179	0.0017741757410495074
8.43108504398827	0.03363783118359594
8.460410557184751	0.07438115860514115
8.489736070381232	0.018628841381107476
8.519061583577713	0.04216311256586711
8.548387096774194	0.031015476371692653
8.577712609970675	0.003822248832699507
8.607038123167156	0.06295888466800359
8.636363636363637	0.011484485775890138
8.665689149560118	0.002292906319773851
8.695014662756599	0.00024315508132784918
8.72434017595308	0.018751634502412313
8.75366568914956	0.06571993143130463
8.782991202346041	0.09715145609467134
8.812316715542522	0.0011998361535951704
8.841642228739003	0.01847533641546874
8.870967741935484	0.07015860142265504
8.900293255131965	0.02541516979618033
8.929618768328446	0.08108479799334022
8.958944281524927	0.02975085712860197
8.988269794721408	0.027275501236810027
9.017595307917889	0.032992304976284366
9.04692082111437	0.021230713038641953
9.076246334310852	0.043629993028667255
9.105571847507333	0.004470223043669482
9.134897360703814	0.026940910800211704
9.164222873900295	0.0031692035180595404
9.193548387096776	0.04113777843095963
9.222873900293257	0.006943179695091747
9.252199413489738	0.008725140605579811
9.281524926686219	0.006943587893387135
9.3108504398827	0.022177215406035136
9.34017595307918	0.024021032840591577
9.369501466275661	0.0053150550267385115
9.398826979472142	0.0014564171960018823
9.428152492668623	0.004434876127398792
9.457478005865104	0.016501664460440827
9.486803519061585	0.16318358825597476
9.516129032258066	0.021129514121591447
9.545454545454547	0.03065973100863425
9.574780058651028	0.03550936971239234
9.604105571847509	0.00331886744041768
9.63343108504399	0.005055188524070742
9.66275659824047	0.0030015400438526026
9.692082111436951	0.0359487683185944
9.721407624633432	0.01288174754468162
9.750733137829913	0.09863492426079332
9.780058651026394	0.1136419779349293
9.809384164222875	0.007887473016384629
9.838709677419356	0.029802502989713844
9.868035190615837	0.007050764874626192
9.897360703812318	0.006856321663332125
9.926686217008799	0.03605365546362885
9.95601173020528	0.06829891133652471
9.98533724340176	0.046415959497096926
10.014662756598241	0.011320020232119254
10.043988269794722	0.035633541725654694
10.073313782991203	0.1043733368491569
10.102639296187684	0.004701843874779029
10.131964809384165	0.003482952352802551
10.161290322580646	0.002512290552901247
10.190615835777127	0.03785409368873205
10.219941348973608	0.0385314911138265
10.249266862170089	0.01396579590346019
10.27859237536657	0.02870101563062894
10.30791788856305	0.013078392176926527
10.337243401759531	0.055923916980316075
10.366568914956012	0.00977244921010903
10.395894428152493	0.009593361830362836
10.425219941348974	0.0026235221161243685
10.454545454545455	0.024511420949120587
10.483870967741936	0.029592536295999426
10.513196480938417	0.02719847450473509
10.542521994134898	0.020227823897504802
10.571847507331379	0.01575464832923933
10.60117302052786	0.04802088114163287
10.63049853372434	0.04061117407866376
10.659824046920821	0.027120321915358254
10.689149560117302	0.0022402025722129196
10.718475073313783	0.020474844661825364
10.747800586510264	0.01800216866251328
10.777126099706745	0.002459111209449118
10.806451612903226	0.03459898489584199
10.835777126099707	0.007748726153814373
10.865102639296188	0.07688799280007529
10.894428152492669	0.03420339614477389
10.92375366568915	0.003512099727013905
10.95307917888563	0.006529049569986465
10.982404692082113	0.008363612659631512
11.011730205278592	0.010504428676610863
11.041055718475075	0.019338466775209878
11.070381231671554	0.005896374719808835
11.099706744868037	0.009771484384523929
11.129032258064516	0.09563069967568036
11.158357771260999	0.004192346586381198
11.187683284457478	0.024949507565228058
11.21700879765396	0.055698617010421995
11.24633431085044	0.0014641071107188554
11.275659824046922	0.026819734015638814
11.304985337243401	0.03279379604592448
11.334310850439884	0.031882934652212244
11.363636363636363	9.234456240218543e-05
11.392961876832846	0.0002458620563801276
11.422287390029325	0.03856534334966301
11.451612903225808	0.059353381123176716
11.480938416422287	0.017054995457643028
11.51026392961877	0.0011644384385787704
11.539589442815249	0.0059209808393977815
11.568914956011731	0.023948912774217224
11.59824046920821	0.024723360330988688
11.627565982404693	0.012898919508003415
11.656891495601172	0.011840918021821255
11.686217008797655	0.010412441276722646
11.715542521994134	0.0035354311253836712
11.744868035190617	0.02185322966353936
11.774193548387096	0.007153078565701358
11.803519061583579	0.10288630578083821
11.832844574780058	0.0021268720362303184
11.86217008797654	0.004523749296456071
11.89149560117302	0.0016383751947533836
11.920821114369502	0.005571282513577449
11.950146627565985	0.05840253802015378
11.979472140762464	0.07953082007330954
12.008797653958947	0.009637578463919112
12.038123167155426	0.001818494188687648
12.067448680351909	0.0036572409197204296
12.096774193548388	0.02063844164006636
12.12609970674487	0.013484509971983985
12.15542521994135	0.022040243715581793
12.184750733137832	0.019135444073205807
12.214076246334312	0.048410360064209026
12.243401759530794	0.012535222601411239
12.272727272727273	0.00716345867305998
12.302052785923756	0.03678713793607881
12.331378299120235	0.0013319294710192012
12.360703812316718	0.03206098255793114
12.390029325513197	0.020958716265741792
12.41935483870968	0.006025724368135575
12.448680351906159	0.012856144142489308
12.478005865102642	0.011467759693701758
12.50733137829912	0.000632238610243469
12.536656891495603	0.023156585235984992
12.565982404692082	0.017054124274827272
12.595307917888565	0.007800451200247922
12.624633431085044	0.006936503847222448
12.653958944281527	0.013130557370698927
12.683284457478006	0.007697224822545525
12.712609970674489	0.016706534307293155
12.741935483870968	0.010881428531577962
12.77126099706745	0.018538322623322008
12.80058651026393	0.04409581010152419
12.829912023460412	0.06472471956874715
12.859237536656892	0.011119115105673585
12.888563049853374	0.015595301509013193
12.917888563049853	0.014660791744778426
12.947214076246336	0.0033121635679212386
12.976539589442815	0.04403940850008911
13.005865102639298	0.00214565942207857
13.035190615835777	0.023441079459321702
13.06451612903226	0.09463227622286678
13.093841642228739	0.009032096408295382
13.123167155425222	0.0070651431956247875
13.1524926686217	0.03707646734330501
13.181818181818183	0.009379870677934407
13.211143695014663	0.0020975909169661
13.240469208211145	0.008811414117404392
13.269794721407624	0.059811677249385305
13.299120234604107	0.004740632238451346
13.328445747800586	0.00975243829182059
13.357771260997069	0.020365645145218946
13.387096774193548	0.023141847997236845
13.41642228739003	0.026229191896923732
13.44574780058651	0.06656555068896003
13.475073313782993	0.02019938784676879
13.504398826979472	0.07381939301261223
13.533724340175954	0.017476000101854336
13.563049853372434	0.003990323894537121
13.592375366568916	0.03291350622858089
13.621700879765395	0.0008879259269654633
13.651026392961878	0.0025222803674657328
13.680351906158357	0.01752147133314028
13.70967741935484	0.02173915265233953
13.739002932551319	0.02234872947092489
13.768328445747802	0.012395738992972595
13.797653958944284	0.09106870573235801
13.826979472140764	0.04264155468508701
13.856304985337246	1.4243982208773408e-05
13.885630498533725	0.016244018508304665
13.914956011730208	0.009813074064861057
13.944281524926687	0.030781932497049996
13.97360703812317	0.035809378013120875
14.002932551319649	0.033386279153854545
14.032258064516132	0.013812274119447916
14.06158357771261	0.010989236175490996
14.090909090909093	0.01804611547306363
14.120234604105573	0.054518946425024147
14.149560117302055	0.09661902370628019
14.178885630498534	0.007602717925038287
14.208211143695017	0.009613227079694399
14.237536656891496	0.007860782140391952
14.266862170087979	0.01893580811997954
14.296187683284458	0.011830163979170397
14.32551319648094	0.005065142666750381
14.35483870967742	0.025673001705988498
14.384164222873903	0.02476281380875557
14.413489736070382	0.0010220815458158706
14.442815249266864	0.010968860975595176
14.472140762463344	0.0887274105959587
14.501466275659826	0.025704745890287924
14.530791788856305	0.024176606322322887
14.560117302052788	0.03220938983318464
14.589442815249267	0.024841669617815983
14.61876832844575	0.086101801180808
14.648093841642229	0.036947645869779354
14.677419354838712	0.013884406382842971
14.70674486803519	0.008932250621170737
14.736070381231674	0.10609876555418557
14.765395894428153	0.09511405594449633
14.794721407624635	0.007476982744285832
14.824046920821115	0.07887029146639173
14.853372434017597	0.004655137143091937
14.882697947214076	0.12909345358744032
14.912023460410559	0.009389286505409059
14.941348973607038	0.05429707003979904
14.97067448680352	0.026291397745602855
15.0	0.005607082463079518
15.029325513196483	0.03428692369888657
15.058651026392962	0.023821705138523996
15.087976539589445	0.034491025846235146
15.117302052785924	0.040390211338816394
15.146627565982406	0.06665688156363614
15.175953079178885	0.022500917758393222
15.205278592375368	0.03137382100267614
15.234604105571847	0.009491385479438764
15.26392961876833	0.05666235925451291
15.29325513196481	0.04331359028332912
15.322580645161292	0.11163549296239436
15.351906158357771	0.07040821957477587
15.381231671554254	0.00181002463193334
15.410557184750733	0.00485029978726149
15.439882697947215	0.022520404042876297
15.469208211143695	0.00121079831112915
15.498533724340177	0.0026701715597522236
15.527859237536656	0.0012087406676400524
15.557184750733139	0.023693157666142016
15.586510263929618	0.020292640449981296
15.615835777126101	0.033061261523177905
15.645161290322584	0.04345081950661006
15.674486803519063	0.01219504458408643
15.703812316715545	0.04666330762585118
15.733137829912025	0.17636883689046523
15.762463343108507	0.008676106820038002
15.791788856304986	0.03353711280307878
15.821114369501469	0.03212498043344647
15.850439882697948	0.037221482967180135
15.879765395894431	0.018906691137658704
15.90909090909091	0.03603674231753311
15.938416422287393	0.023249149579798453
15.967741935483872	0.05972607435229428
15.997067448680355	0.03052422758676687
16.026392961876834	0.003987739279409447
16.055718475073316	0.039351274009153524
16.085043988269796	0.022601553973691027
16.114369501466278	0.010410402274094887
16.143695014662757	0.022078567111315325
16.17302052785924	0.0013024444372703619
16.20234604105572	0.006667734191126781
16.231671554252202	0.07519744095279964
16.26099706744868	0.09017164572953276
16.290322580645164	0.001244666336734307
16.319648093841643	0.003992382569928059
16.348973607038126	0.0372151683588845
16.378299120234605	0.03050718919141642
16.407624633431087	0.12854782367666642
16.436950146627566	0.09837079578307723
16.46627565982405	0.052053189985632166
16.49560117302053	0.0187260593799582
16.52492668621701	0.0029935200792202575
16.55425219941349	0.01061009762660048
16.583577712609973	0.001714478637753244
16.612903225806452	0.018295869602562586
16.642228739002935	0.03666430474910644
16.671554252199414	0.014100849775952157
16.700879765395896	0.012011425283099288
16.730205278592376	0.01706416509683699
16.75953079178886	0.023982045114316727
16.788856304985337	0.014622035678703817
16.81818181818182	0.00360193997024475
16.8475073313783	0.03145289565904693
16.876832844574782	0.04562630181250189
16.90615835777126	0.015223247787597382
16.935483870967744	0.06264390305574069
16.964809384164223	0.012625035692860512
16.994134897360706	0.006497344117310037
17.023460410557185	0.09110909076713475
17.052785923753667	0.017334633858829697
17.082111436950147	0.07360487661361272
17.11143695014663	0.024872262503771805
17.14076246334311	0.03614740568683681
17.17008797653959	0.006404868538710597
17.19941348973607	0.062404870835011325
17.228739002932553	0.08126787236893028
17.258064516129032	0.024079850675135614
17.287390029325515	0.002805053443309224
17.316715542521994	0.0016684449297488027
17.346041055718477	0.07060121471217459
17.375366568914956	0.005889173561917043
17.40469208211144	0.008860528921415495
17.434017595307918	0.0011852502705001126
17.4633431085044	0.013683566719863512
17.49266862170088	0.019202489322994662
17.521994134897362	0.004119739339120945
17.551319648093845	0.13948707175560893
17.580645161290324	0.018568365233758398
17.609970674486807	0.045544178984385536
17.639296187683286	0.053173887747114894
17.66862170087977	0.023128805052219693
17.697947214076247	0.044355841342952895
17.72727272727273	0.03139787850347145
17.75659824046921	0.05273417460030838
17.785923753665692	0.013624024115200051
17.81524926686217	0.00226848773333906
17.844574780058654	0.028950216471538847
17.873900293255133	0.010431114821063818
17.903225806451616	0.018649872701887695
17.932551319648095	0.03121246934748554
17.961876832844577	0.04578229510107157
17.991202346041057	0.05165786878076046
18.02052785923754	0.008602347468644866
18.04985337243402	0.06583705639182745
18.0791788856305	0.037520382568430245
18.10850439882698	0.013022894987361387
18.137829912023463	0.01370199801687666
18.167155425219942	0.0449086600629993
18.196480938416425	0.06613233274055623
18.225806451612904	0.010386869783317097
18.255131964809387	0.02648961667276525
18.284457478005866	0.024606241895582557
18.31378299120235	0.08579643523255535
18.343108504398828	0.0005906024741742888
18.37243401759531	0.015791214265497868
18.40175953079179	0.032451153445865424
18.431085043988272	0.004624306629911326
18.46041055718475	0.0017050556216839546
18.489736070381234	0.008748665007096826
18.519061583577713	0.025856757113785975
18.548387096774196	0.04393324984040042
18.577712609970675	0.0792675965274685
18.607038123167158	0.002448788309185031
18.636363636363637	0.025608270701603486
18.66568914956012	0.004641196368576004
18.6950146627566	0.006517674211259959
18.72434017595308	0.005044212513574778
18.75366568914956	0.051571865939524154
18.782991202346043	0.00883064869018031
18.812316715542522	0.024518136558637424
18.841642228739005	0.00558886373311104
18.870967741935484	0.09364075376045751
18.900293255131967	0.04422891982196084
18.929618768328446	0.016313045034458854
18.95894428152493	0.010153397051286822
18.988269794721408	0.0021222460462802495
19.01759530791789	0.015199069851721769
19.04692082111437	0.007063366002081027
19.076246334310852	0.01383905664617264
19.10557184750733	0.01709359007074371
19.134897360703814	0.022207467203900707
19.164222873900293	0.017755856574325764
19.193548387096776	0.03348069273185303
19.222873900293255	0.05331903880019489
19.252199413489738	0.05379367436628087
19.281524926686217	0.007902707321529262
19.3108504398827	0.0351911474737894
19.34017595307918	0.0036346297273255005
19.36950146627566	0.010738740180445683
19.39882697947214	0.06226907524847684
19.428152492668623	0.0012648065137021744
19.457478005865106	0.08180967972685617
19.486803519061585	0.07865424812258914
19.516129032258068	0.0368957373602534
19.545454545454547	0.03796094818899077
19.57478005865103	0.0067908430765587675
19.60410557184751	0.02576904961752034
19.63343108504399	0.037667516820182115
19.66275659824047	0.025835369057117318
19.692082111436953	0.02994506670078929
19.721407624633432	0.018214242855132613
19.750733137829915	0.007309797752379186
19.780058651026394	0.004089903106935296
19.809384164222877	0.0034825376373388475
19.838709677419356	0.004575993964886824
19.86803519061584	0.06151971975635224
19.897360703812318	0.009622297012107688
19.9266862170088	0.003637406891614184
19.95601173020528	0.029750778454662966
19.985337243401762	0.018143820345925737
20.01466275659824	0.022045730613912434
20.043988269794724	0.00796077628215217
20.073313782991203	0.0014914836113200539
20.102639296187686	0.00241183626931559
20.131964809384165	0.0005956327013748488
20.161290322580648	0.009688586857044521
20.190615835777127	0.023772117600954535
20.21994134897361	0.01560297392736591
20.24926686217009	0.0049219379162422335
20.27859237536657	0.005843271843328297
20.30791788856305	0.04249972923694576
20.337243401759533	0.008788662471403353
20.366568914956012	0.08828870200432219
20.395894428152495	0.0176296113084022
20.425219941348974	0.0019092312390605521
20.454545454545457	0.03370442082797717
20.483870967741936	0.013720498334593708
20.51319648093842	0.03957557983689883
20.542521994134898	0.032002335658638366
20.57184750733138	0.060432766491244204
20.60117302052786	0.0005333467795365674
20.630498533724342	0.027235322235975724
20.65982404692082	0.0004350833194022269
20.689149560117304	0.003821124668671473
20.718475073313783	0.06592002286988258
20.747800586510266	0.0004789606438366667
20.777126099706745	0.033103125362433664
20.806451612903228	0.09773605520453277
20.835777126099707	0.030055845116985627
20.86510263929619	0.06235296719735339
20.89442815249267	0.018647288576457272
20.92375366568915	0.0035523877015373145
20.95307917888563	0.015368110544341168
20.982404692082113	0.018437354065882965
21.011730205278592	0.0006916237853508866
21.041055718475075	0.012762806043667453
21.070381231671554	0.053917411929054956
21.099706744868037	0.037311734968370106
21.129032258064516	0.041495184862031166
21.158357771261	0.007629648810638835
21.187683284457478	0.022369036468873095
21.21700879765396	0.014805890498849374
21.24633431085044	0.002071018749788852
21.275659824046922	0.0008386124789439096
21.304985337243405	0.06852628664335673
21.334310850439884	0.03388195722239919
21.363636363636367	0.038644536261919195
21.392961876832846	0.023661022369790754
21.42228739002933	0.03147165587560357
21.451612903225808	0.01728722951869885
21.48093841642229	0.0085846788110095
21.51026392961877	0.043858006581622054
21.539589442815252	0.007645140030328267
21.56891495601173	0.0028115951402252932
21.598240469208214	0.009676023303726064
21.627565982404693	0.007976284551840216
21.656891495601176	0.034396620092507275
21.686217008797655	0.02338744496127977
21.715542521994138	0.022963489250332886
21.744868035190617	0.017471902305587133
21.7741935483871	0.002695256817768447
21.80351906158358	0.024704588354864287
21.83284457478006	0.12081746327624124
21.86217008797654	0.0465225066298743
21.891495601173023	0.01414727377420698
21.920821114369502	0.03474873350962256
21.950146627565985	0.0937769707306939
21.979472140762464	0.02326420515590827
22.008797653958947	0.014261417192167924
22.038123167155426	0.05407144308925781
22.06744868035191	0.008876077553124497
22.096774193548388	0.018281648585969007
22.12609970674487	0.028251255330204013
22.15542521994135	0.019772269416332443
22.184750733137832	0.09379317133135508
22.21407624633431	0.00849993618658809
22.243401759530794	0.030921965708901197
22.272727272727273	0.01049993483065056
22.302052785923756	0.020582900659090898
22.331378299120235	0.031046350652134874
22.360703812316718	0.010473804213451933
22.390029325513197	0.05065077814802911
22.41935483870968	0.01605216113360081
22.44868035190616	0.037651475159636426
22.47800586510264	0.011047126545674876
22.50733137829912	0.0025275065987561958
22.536656891495603	0.039657319045780716
22.565982404692082	0.07099328201967607
22.595307917888565	0.023244949948238773
22.624633431085044	0.032448461048398373
22.653958944281527	0.0800450187640856
22.683284457478006	0.05311730180868093
22.71260997067449	0.005995109419496188
22.741935483870968	0.0006443733614468795
22.77126099706745	0.049770319855553725
22.80058651026393	0.012962819651059311
22.829912023460412	0.026745607046777083
22.85923753665689	0.025578940227563667
22.888563049853374	0.04774891697059696
22.917888563049853	0.042982918551394765
22.947214076246336	0.03866232826978275
22.976539589442815	0.03395139592592702
23.005865102639298	0.03373304435173852
23.035190615835777	0.0037163701124481563
23.06451612903226	0.010711233466968534
23.09384164222874	0.009360972779505537
23.12316715542522	0.034270711104710694
23.152492668621704	0.009798757649280614
23.181818181818183	0.0047126323431802
23.211143695014666	0.02891612602607123
23.240469208211145	0.03442669783665424
23.269794721407628	0.016941985275512876
23.299120234604107	0.0022448728442449966
23.32844574780059	0.026687334795668923
23.35777126099707	0.015766456327508033
23.38709677419355	0.010306777128811933
23.41642228739003	0.04100703315832215
23.445747800586513	0.0021461640469019375
23.475073313782993	0.016014520167543955
23.504398826979475	0.01857959428137521
23.533724340175954	0.06510567155133484
23.563049853372437	0.014745964011316023
23.592375366568916	0.013903887165829439
23.6217008797654	0.06603743976236436
23.651026392961878	0.01180844516278043
23.68035190615836	0.01315955666384436
23.70967741935484	0.02361353632196325
23.739002932551323	0.017048755183619292
23.7683284457478	0.03146291986470429
23.797653958944284	0.0007686103150039861
23.826979472140764	0.0341288635647365
23.856304985337246	0.03011829528180782
23.885630498533725	0.0033308407865102066
23.914956011730208	0.015835686398130655
23.944281524926687	0.01746746349628643
23.97360703812317	0.00622764841236083
24.00293255131965	0.02360652711607985
24.03225806451613	0.009167863368836552
24.06158357771261	0.028530927878868056
24.090909090909093	0.03376103005505631
24.120234604105573	0.0076178183624417885
24.149560117302055	0.03032684391723029
24.178885630498534	0.010937123454626723
24.208211143695017	0.02174477512872385
24.237536656891496	0.007179172265396
24.26686217008798	0.024382518521692466
24.296187683284458	0.006780198106038274
24.32551319648094	0.0032318884478286227
24.35483870967742	0.00685948931817162
24.384164222873903	0.05210065243627676
24.41348973607038	0.036884852803402014
24.442815249266864	0.013691092877099584
24.472140762463344	0.005632502221999327
24.501466275659826	0.01062016839956387
24.530791788856305	0.00963257456020585
24.560117302052788	0.01396061534264312
24.589442815249267	0.04749571616724193
24.61876832844575	0.10012950623780865
24.64809384164223	0.009315617434347043
24.67741935483871	0.017594406175390275
24.70674486803519	0.000541196335603461
24.736070381231674	0.01830598597420783
24.765395894428153	0.007811497380343799
24.794721407624635	0.001467497456040459
24.824046920821115	0.0091593374866276
24.853372434017597	0.008540006599652046
24.882697947214076	0.079223134953306
24.91202346041056	0.055040256894248456
24.941348973607038	0.013869593518265399
24.97067448680352	0.004956526044561961
25.0	0.02205120872760443
